# ell_centre [pixel],var_d_phi,measerr2,meancosdphi0,1-meancosdphi (with error correction)
      30.0000   0.00269606  0.000250587     0.997692   0.00218338
      60.0000   0.00732929  0.000650276     0.993477   0.00619984
      90.0000    0.0123209   0.00104122     0.988696    0.0107894
      120.000    0.0180332   0.00144717     0.982715    0.0165735
      150.000    0.0242128   0.00176481     0.976084    0.0230540
      180.000    0.0290362   0.00194182     0.970274    0.0287830
      210.000    0.0344286   0.00204910     0.964093    0.0349186
      240.000    0.0389142   0.00210264     0.958384    0.0406075
      270.000    0.0438384   0.00213002     0.952210    0.0467751
      300.000    0.0490960   0.00214667     0.946038    0.0529456
      330.000    0.0530652   0.00214265     0.940925    0.0580658
      360.000    0.0579018   0.00214941     0.935572    0.0634218
      390.000    0.0622732   0.00214159     0.930333    0.0686695
      420.000    0.0670525   0.00213728     0.925010    0.0740007
      450.000    0.0712578   0.00213132     0.920254    0.0787647
      480.000    0.0751387   0.00211842     0.915333    0.0836966
      510.000    0.0789225   0.00210529     0.910574    0.0884663
      540.000    0.0820133   0.00210383     0.906240    0.0928057
      570.000    0.0848658   0.00209866     0.902601    0.0964509
      600.000    0.0877576   0.00209933     0.899349    0.0997059
      630.000    0.0890910   0.00208798     0.895594     0.103470
      660.000    0.0923242   0.00209100     0.892398     0.106668
      690.000    0.0932960   0.00208222     0.889007     0.110067
      720.000    0.0952115   0.00208652     0.886450     0.112624
      750.000    0.0961261   0.00209054     0.884201     0.114873
      780.000    0.0963728   0.00209695     0.882425     0.116649
      810.000    0.0969056   0.00211069     0.881251     0.117818
      840.000    0.0958517   0.00211921     0.880648     0.118418
      870.000    0.0952941   0.00213638     0.880341     0.118717
      900.000    0.0939345   0.00214098     0.880226     0.118830
      930.000    0.0927346   0.00214517     0.880296     0.118758
      960.000    0.0915894   0.00215473     0.880738     0.118312
      990.000    0.0901995   0.00216137     0.880795     0.118252
      1020.00    0.0894092   0.00217992     0.881440     0.117598
      1050.00    0.0881202   0.00219686     0.881692     0.117339
      1080.00    0.0867106   0.00222034     0.882587     0.116432
      1110.00    0.0862047   0.00224098     0.882510     0.116500
      1140.00    0.0860492   0.00225658     0.882013     0.116990
      1170.00    0.0850678   0.00227487     0.881871     0.117125
      1200.00    0.0854559   0.00229217     0.880534     0.118456
      1230.00    0.0843604   0.00231571     0.879882     0.119098
      1260.00    0.0843583   0.00232843     0.877927     0.121050
      1290.00    0.0839874   0.00235092     0.875850     0.123119
      1320.00    0.0836739   0.00237734     0.873460     0.125500
      1350.00    0.0848140   0.00237978     0.870458     0.128505
      1380.00    0.0850365   0.00240765     0.867550     0.131405
      1410.00    0.0859981   0.00240184     0.863482     0.135480
      1440.00    0.0868676   0.00241185     0.859370     0.139592
      1470.00    0.0873474   0.00242210     0.855057     0.143906
      1500.00    0.0863532   0.00242474     0.850768     0.148199
      1530.00    0.0877393   0.00245896     0.845592     0.153367
      1560.00    0.0863239   0.00247068     0.841561     0.157398
      1590.00    0.0890521   0.00251587     0.836520     0.162427
      1620.00    0.0877092   0.00251286     0.832690     0.166263
      1650.00    0.0893247   0.00251435     0.828422     0.170535
      1680.00    0.0918559   0.00250684     0.824908     0.174056
      1710.00    0.0855414   0.00241264     0.823950     0.175055
      1740.00    0.0887156   0.00234226     0.821503     0.177534
      1770.00    0.0847806   0.00225959     0.820466     0.178606
